function mpc = case136ma
%CASE136MA  Power flow data for 135 bus distribution system from Mantovani, et al
%   Please see CASEFORMAT for details on the case file format.
%
%   Data from ...
%       Mantovani JRS, Casari F, Romero RA (2000) Reconfiguração de sistemas
%       de distribuição radiais utilizando o critério de queda de tensão. Rev
%       Bras Controle Automação - SBA 11:150-159.

%% MATPOWER Case Format : Version 2
function mpc = case136ma
mpc.version = '2';

%%-----  Power Flow Data  -----%%
%% system MVA base
mpc.baseMVA = 10;
%% bus data
%    bus_i    type    Pd    Qd    Gs    Bs    area    Vm    Va    baseKV    zone    Vmax    Vmin
mpc.bus = [
    1   3   0.0 0.0 0.0 0.0 1   1.0 0.0 13.8    1   1.05    0.95
    2   1   0.0 0.0 0.0 0.0 1   1.0 0.0 13.8    1   1.05    0.95
    3   1   0.04778 0.019010000000000003    0.0 0.0 1   1.0 0.0 13.8    1   1.05    0.95
    4   1   0.042550000000000004    0.01693 0.0 0.0 1   1.0 0.0 13.8    1   1.05    0.95
    5   1   0.08702 0.03462 0.0 0.0 1   1.0 0.0 13.8    1   1.05    0.95
    6   1   0.31131 0.123855    0.0 0.0 1   1.0 0.0 13.8    1   1.05    0.95
    7   1   0.14886900000000003 0.059230000000000005    0.0 0.0 1   1.0 0.0 13.8    1   1.05    0.95
    8   1   0.23867200000000002 0.09495999999999999 0.0 0.0 1   1.0 0.0 13.8    1   1.05    0.95
    9   1   0.062299999999999994    0.024790000000000003    0.0 0.0 1   1.0 0.0 13.8    1   1.05    0.95
    10  1   0.124598    0.049569999999999996    0.0 0.0 1   1.0 0.0 13.8    1   1.05    0.95
    11  1   0.14017500000000002 0.05577 0.0 0.0 1   1.0 0.0 13.8    1   1.05    0.95
    12  1   0.116813    0.04647 0.0 0.0 1   1.0 0.0 13.8    1   1.05    0.95
    13  1   0.249203    0.09915 0.0 0.0 1   1.0 0.0 13.8    1   1.05    0.95
    14  1   0.291447    0.115952    0.0 0.0 1   1.0 0.0 13.8    1   1.05    0.95
    15  1   0.30372000000000005 0.12083499999999998 0.0 0.0 1   1.0 0.0 13.8    1   1.05    0.95
    16  1   0.21539599999999998 0.0857  0.0 0.0 1   1.0 0.0 13.8    1   1.05    0.95
    17  1   0.19858600000000004 0.07901 0.0 0.0 1   1.0 0.0 13.8    1   1.05    0.95
    18  1   0.0 0.0 0.0 0.0 1   1.0 0.0 13.8    1   1.05    0.95
    19  1   0.0 0.0 0.0 0.0 1   1.0 0.0 13.8    1   1.05    0.95
    20  1   0.0 0.0 0.0 0.0 1   1.0 0.0 13.8    1   1.05    0.95
    21  1   0.03013 0.014730000000000002    0.0 0.0 1   1.0 0.0 13.8    1   1.05    0.95
    22  1   0.230972    0.11291999999999999 0.0 0.0 1   1.0 0.0 13.8    1   1.05    0.95
    23  1   0.06026 0.029460000000000004    0.0 0.0 1   1.0 0.0 13.8    1   1.05    0.95
    24  1   0.230972    0.11291999999999999 0.0 0.0 1   1.0 0.0 13.8    1   1.05    0.95
    25  1   0.120507    0.05892000000000001 0.0 0.0 1   1.0 0.0 13.8    1   1.05    0.95
    26  1   0.0 0.0 0.0 0.0 1   1.0 0.0 13.8    1   1.05    0.95
    27  1   0.05698 0.02786 0.0 0.0 1   1.0 0.0 13.8    1   1.05    0.95
    28  1   0.3646650000000001  0.178281    0.0 0.0 1   1.0 0.0 13.8    1   1.05    0.95
    29  1   0.0 0.0 0.0 0.0 1   1.0 0.0 13.8    1   1.05    0.95
    30  1   0.12464700000000001 0.060939999999999994    0.0 0.0 1   1.0 0.0 13.8    1   1.05    0.95
    31  1   0.05698 0.02786 0.0 0.0 1   1.0 0.0 13.8    1   1.05    0.95
    32  1   0.0 0.0 0.0 0.0 1   1.0 0.0 13.8    1   1.05    0.95
    33  1   0.08547 0.04179000000000001 0.0 0.0 1   1.0 0.0 13.8    1   1.05    0.95
    34  1   0.0 0.0 0.0 0.0 1   1.0 0.0 13.8    1   1.05    0.95
    35  1   0.39673500000000006 0.19396 0.0 0.0 1   1.0 0.0 13.8    1   1.05    0.95
    36  1   0.0 0.0 0.0 0.0 1   1.0 0.0 13.8    1   1.05    0.95
    37  1   0.18115199999999998 0.08856 0.0 0.0 1   1.0 0.0 13.8    1   1.05    0.95
    38  1   0.24217199999999997 0.118395    0.0 0.0 1   1.0 0.0 13.8    1   1.05    0.95
    39  1   0.07531999999999998 0.03682 0.0 0.0 1   1.0 0.0 13.8    1   1.05    0.95
    40  1   0.0 0.0 0.0 0.0 1   1.0 0.0 13.8    1   1.05    0.95
    41  1   0.00125 0.0005300000000000001   0.0 0.0 1   1.0 0.0 13.8    1   1.05    0.95
    42  1   0.0062699999999999995   0.00266 0.0 0.0 1   1.0 0.0 13.8    1   1.05    0.95
    43  1   0.0 0.0 0.0 0.0 1   1.0 0.0 13.8    1   1.05    0.95
    44  1   0.11788 0.04997 0.0 0.0 1   1.0 0.0 13.8    1   1.05    0.95
    45  1   0.06267 0.02657 0.0 0.0 1   1.0 0.0 13.8    1   1.05    0.95
    46  1   0.17228500000000002 0.07303 0.0 0.0 1   1.0 0.0 13.8    1   1.05    0.95
    47  1   0.45855599999999996 0.194388    0.0 0.0 1   1.0 0.0 13.8    1   1.05    0.95
    48  1   0.262962    0.11147299999999999 0.0 0.0 1   1.0 0.0 13.8    1   1.05    0.95
    49  1   0.235761    0.09994 0.0 0.0 1   1.0 0.0 13.8    1   1.05    0.95
    50  1   0.0 0.0 0.0 0.0 1   1.0 0.0 13.8    1   1.05    0.95
    51  1   0.109215    0.046299999999999994    0.0 0.0 1   1.0 0.0 13.8    1   1.05    0.95
    52  1   0.0 0.0 0.0 0.0 1   1.0 0.0 13.8    1   1.05    0.95
    53  1   0.07281000000000001 0.03087 0.0 0.0 1   1.0 0.0 13.8    1   1.05    0.95
    54  1   0.258473    0.10957 0.0 0.0 1   1.0 0.0 13.8    1   1.05    0.95
    55  1   0.06917 0.029320000000000002    0.0 0.0 1   1.0 0.0 13.8    1   1.05    0.95
    56  1   0.021840000000000002    0.00926 0.0 0.0 1   1.0 0.0 13.8    1   1.05    0.95
    57  1   0.0 0.0 0.0 0.0 1   1.0 0.0 13.8    1   1.05    0.95
    58  1   0.02053 0.0087  0.0 0.0 1   1.0 0.0 13.8    1   1.05    0.95
    59  1   0.15054800000000002 0.06382 0.0 0.0 1   1.0 0.0 13.8    1   1.05    0.95
    60  1   0.220687    0.09355000000000001 0.0 0.0 1   1.0 0.0 13.8    1   1.05    0.95
    61  1   0.09237999999999999 0.03915999999999999 0.0 0.0 1   1.0 0.0 13.8    1   1.05    0.95
    62  1   0.0 0.0 0.0 0.0 1   1.0 0.0 13.8    1   1.05    0.95
    63  1   0.226693    0.09609999999999999 0.0 0.0 1   1.0 0.0 13.8    1   1.05    0.95
    64  1   0.0 0.0 0.0 0.0 1   1.0 0.0 13.8    1   1.05    0.95
    65  1   0.29401600000000006 0.116974    0.0 0.0 1   1.0 0.0 13.8    1   1.05    0.95
    66  1   0.08302000000000001 0.03303 0.0 0.0 1   1.0 0.0 13.8    1   1.05    0.95
    67  1   0.08302000000000001 0.03303 0.0 0.0 1   1.0 0.0 13.8    1   1.05    0.95
    68  1   0.10376999999999999 0.04129 0.0 0.0 1   1.0 0.0 13.8    1   1.05    0.95
    69  1   0.17640799999999998 0.07018 0.0 0.0 1   1.0 0.0 13.8    1   1.05    0.95
    70  1   0.08302000000000001 0.03303 0.0 0.0 1   1.0 0.0 13.8    1   1.05    0.95
    71  1   0.21791699999999997 0.0867  0.0 0.0 1   1.0 0.0 13.8    1   1.05    0.95
    72  1   0.023289999999999998    0.00927 0.0 0.0 1   1.0 0.0 13.8    1   1.05    0.95
    73  1   0.0050799999999999994   0.00202 0.0 0.0 1   1.0 0.0 13.8    1   1.05    0.95
    74  1   0.07264000000000001 0.0289  0.0 0.0 1   1.0 0.0 13.8    1   1.05    0.95
    75  1   0.40599 0.16152300000000003 0.0 0.0 1   1.0 0.0 13.8    1   1.05    0.95
    76  1   0.0 0.0 0.0 0.0 1   1.0 0.0 13.8    1   1.05    0.95
    77  1   0.100182    0.04247 0.0 0.0 1   1.0 0.0 13.8    1   1.05    0.95
    78  1   0.142523    0.060419999999999995    0.0 0.0 1   1.0 0.0 13.8    1   1.05    0.95
    79  1   0.09604000000000001 0.040709999999999996    0.0 0.0 1   1.0 0.0 13.8    1   1.05    0.95
    80  1   0.300454    0.12736599999999998 0.0 0.0 1   1.0 0.0 13.8    1   1.05    0.95
    81  1   0.14123799999999997 0.05987 0.0 0.0 1   1.0 0.0 13.8    1   1.05    0.95
    82  1   0.27984699999999996 0.118631    0.0 0.0 1   1.0 0.0 13.8    1   1.05    0.95
    83  1   0.08731 0.037009999999999994    0.0 0.0 1   1.0 0.0 13.8    1   1.05    0.95
    84  1   0.24384899999999998 0.103371    0.0 0.0 1   1.0 0.0 13.8    1   1.05    0.95
    85  1   0.24774999999999997 0.10502500000000001 0.0 0.0 1   1.0 0.0 13.8    1   1.05    0.95
    86  1   0.0 0.0 0.0 0.0 1   1.0 0.0 13.8    1   1.05    0.95
    87  1   0.08987999999999999 0.0381  0.0 0.0 1   1.0 0.0 13.8    1   1.05    0.95
    88  1   1.13728 0.482108    0.0 0.0 1   1.0 0.0 13.8    1   1.05    0.95
    89  1   0.45833899999999994 0.19429600000000002 0.0 0.0 1   1.0 0.0 13.8    1   1.05    0.95
