function mpc = case94pi
%CASE94PI  Power flow data for 70 bus distribution system from Pires, et al
%   Please see CASEFORMAT for details on the case file format.
%
%   Data from ...
%       Pires DF, Antunes CH, Martins AG (2012) NSGA-II with local search for
%       a multi-objective reactive power compensation problem. Int J Electr
%       Power Energy Syst 43:313-324. doi: 10.1016/j.ijepes.2012.05.024
%       URL: https://doi.org/10.1016/j.ijepes.2012.05.024

%% MATPOWER Case Format : Version 2
function mpc = case94pi
mpc.version = '2';

%%-----  Power Flow Data  -----%%
%% system MVA base
mpc.baseMVA = 1;
%% bus data
%    bus_i    type    Pd    Qd    Gs    Bs    area    Vm    Va    baseKV    zone    Vmax    Vmin
mpc.bus = [
    1   3   0.0 0.0 0.0 0.0 1   1.0 0.0 15.0    1   1.0 1.0
    2   1   0.0225  2.2499999999999998e-5   0.0 0.0 1   1.0 0.0 15.0    1   1.1 0.9
    3   1   0.2403  0.0002403   0.0 0.0 1   1.0 0.0 15.0    1   1.1 0.9
    4   1   0.024300000000000002    2.43e-5 0.0 0.0 1   1.0 0.0 15.0    1   1.1 0.9
    5   1   0.0 0.0 0.0 0.0 1   1.0 0.0 15.0    1   1.1 0.9
    6   1   0.0 0.0 0.0 0.0 2   1.0 0.0 15.0    1   1.1 0.9
    7   1   0.0288  2.88e-5 0.0 0.0 2   1.0 0.0 15.0    1   1.1 0.9
    8   1   0.0 0.0 0.0 0.0 2   1.0 0.0 15.0    1   1.1 0.9
    9   1   0.0 0.0 0.0 0.0 2   1.0 0.0 15.0    1   1.1 0.9
    10  1   0.0 0.0 0.0 0.0 3   1.0 0.0 15.0    1   1.1 0.9
    11  1   0.0 0.0 0.0 0.0 3   1.0 0.0 15.0    1   1.1 0.9
    12  1   0.0 0.0 0.0 0.0 4   1.0 0.0 15.0    1   1.1 0.9
    13  1   0.0 0.0 0.0 0.0 4   1.0 0.0 15.0    1   1.1 0.9
    14  1   0.0576  5.76e-5 0.0 0.0 4   1.0 0.0 15.0    1   1.1 0.9
    15  1   0.0 0.0 0.0 0.0 4   1.0 0.0 15.0    1   1.1 0.9
    16  1   0.0 0.0 0.0 0.0 4   1.0 0.0 15.0    1   1.1 0.9
    17  1   0.0189  1.89e-5 0.0 0.0 5   1.0 0.0 15.0    1   1.1 0.9
    18  1   0.0 0.0 0.0 0.0 5   1.0 0.0 15.0    1   1.1 0.9
    19  1   0.0 0.0 0.0 0.0 5   1.0 0.0 15.0    1   1.1 0.9
    20  1   0.055799999999999995    5.5799999999999994e-5   0.0 0.0 6   1.0 0.0 15.0    1   1.1 0.9
    21  1   0.0405  4.05e-5 0.0 0.0 6   1.0 0.0 15.0    1   1.1 0.9
    22  1   0.0 0.0 0.0 0.0 6   1.0 0.0 15.0    1   1.1 0.9
    23  1   0.054   5.4e-5  0.0 0.0 6   1.0 0.0 15.0    1   1.1 0.9
    24  1   0.0 0.0 0.0 0.0 6   1.0 0.0 15.0    1   1.1 0.9
    25  1   0.0 0.0 0.0 0.0 7   1.0 0.0 15.0    1   1.1 0.9
    26  1   0.046799999999999994    4.679999999999999e-5    0.0 0.0 7   1.0 0.0 15.0    1   1.1 0.9
    27  1   0.0 0.0 0.0 0.0 7   1.0 0.0 15.0    1   1.1 0.9
    28  1   0.0 0.0 0.0 0.0 8   1.0 0.0 15.0    1   1.1 0.9
    29  1   0.0135  1.35e-5 0.0 0.0 8   1.0 0.0 15.0    1   1.1 0.9
    30  1   0.0036  3.6e-6  0.0 0.0 8   1.0 0.0 15.0    1   1.1 0.9
    31  1   0.018   1.7999999999999997e-5   0.0 0.0 8   1.0 0.0 15.0    1   1.1 0.9
    32  1   0.0216  2.16e-5 0.0 0.0 8   1.0 0.0 15.0    1   1.1 0.9
    33  1   0.009   8.999999999999999e-6    0.0 0.0 8   1.0 0.0 15.0    1   1.1 0.9
    34  1   0.0648  6.48e-5 0.0 0.0 1   1.0 0.0 15.0    1   1.1 0.9
    35  1   0.06570000000000001 6.570000000000001e-5    0.0 0.0 1   1.0 0.0 15.0    1   1.1 0.9
    36  1   0.0594  5.94e-5 0.0 0.0 1   1.0 0.0 15.0    1   1.1 0.9
    37  1   0.0135  1.35e-5 0.0 0.0 1   1.0 0.0 15.0    1   1.1 0.9
    38  1   0.1611  0.00016109999999999999  0.0 0.0 2   1.0 0.0 15.0    1   1.1 0.9
    39  1   0.0261  2.61e-5 0.0 0.0 2   1.0 0.0 15.0    1   1.1 0.9
    40  1   0.1341  0.0001341   0.0 0.0 2   1.0 0.0 15.0    1   1.1 0.9
    41  1   0.0855  8.55e-5 0.0 0.0 2   1.0 0.0 15.0    1   1.1 0.9
    42  1   0.0414  4.14e-5 0.0 0.0 2   1.0 0.0 15.0    1   1.1 0.9
    43  1   0.0414  4.14e-5 0.0 0.0 2   1.0 0.0 15.0    1   1.1 0.9
    44  1   0.0414  4.14e-5 0.0 0.0 2   1.0 0.0 15.0    1   1.1 0.9
    45  1   0.0216  2.16e-5 0.0 0.0 2   1.0 0.0 15.0    1   1.1 0.9
    46  1   0.0252  2.52e-5 0.0 0.0 2   1.0 0.0 15.0    1   1.1 0.9
    47  1   0.045899999999999996    4.59e-5 0.0 0.0 3   1.0 0.0 15.0    1   1.1 0.9
    48  1   0.036899999999999995    3.6899999999999996e-5   0.0 0.0 3   1.0 0.0 15.0    1   1.1 0.9
    49  1   0.0639  6.39e-5 0.0 0.0 3   1.0 0.0 15.0    1   1.1 0.9
    50  1   0.0684  6.840000000000001e-5    0.0 0.0 3   1.0 0.0 15.0    1   1.1 0.9
    51  1   0.027899999999999998    2.7899999999999997e-5   0.0 0.0 3   1.0 0.0 15.0    1   1.1 0.9
    52  1   0.081   8.1e-5  0.0 0.0 3   1.0 0.0 15.0    1   1.1 0.9
    53  1   0.0693  6.93e-5 0.0 0.0 3   1.0 0.0 15.0    1   1.1 0.9
    54  1   0.0621  6.21e-5 0.0 0.0 3   1.0 0.0 15.0    1   1.1 0.9
    55  1   0.0351  3.51e-5 0.0 0.0 9   1.0 0.0 15.0    1   1.1 0.9
    56  1   0.2052  0.0002052   0.0 0.0 9   1.0 0.0 15.0    1   1.1 0.9
    57  1   0.0315  3.15e-5 0.0 0.0 9   1.0 0.0 15.0    1   1.1 0.9
    58  1   0.5211  0.0005211   0.0 0.0 9   1.0 0.0 15.0    1   1.1 0.9
    59  1   0.2124  0.0002124   0.0 0.0 9   1.0 0.0 15.0    1   1.1 0.9
    60  1   0.0396  3.96e-5 0.0 0.0 9   1.0 0.0 15.0    1   1.1 0.9
    61  1   0.045   4.4999999999999996e-5   0.0 0.0 9   1.0 0.0 15.0    1   1.1 0.9
    62  1   0.0171  1.7100000000000002e-5   0.0 0.0 9   1.0 0.0 15.0    1   1.1 0.9
    63  1   0.0216  2.16e-5 0.0 0.0 9   1.0 0.0 15.0    1   1.1 0.9
    64  1   0.0351  3.51e-5 0.0 0.0 9   1.0 0.0 15.0    1   1.1 0.9
    65  1   0.0702  7.02e-5 0.0 0.0 9   1.0 0.0 15.0    1   1.1 0.9
    66  1   0.0342  3.4200000000000005e-5   0.0 0.0 9   1.0 0.0 15.0    1   1.1 0.9
    67  1   0.0225  2.2499999999999998e-5   0.0 0.0 3   1.0 0.0 15.0    1   1.1 0.9
    68  1   0.045899999999999996    4.59e-5 0.0 0.0 3   1.0 0.0 15.0    1   1.1 0.9
    69  1   0.033299999999999996    3.3299999999999996e-5   0.0 0.0 4   1.0 0.0 15.0    1   1.1 0.9
    70  1   0.036899999999999995    3.6899999999999996e-5   0.0 0.0 4   1.0 0.0 15.0    1   1.1 0.9
    71  1   0.045   4.4999999999999996e-5   0.0 0.0 4   1.0 0.0 15.0    1   1.1 0.9
    72  1   0.0756  7.56e-5 0.0 0.0 4   1.0 0.0 15.0    1   1.1 0.9
    73  1   0.0675  6.75e-5 0.0 0.0 4   1.0 0.0 15.0    1   1.1 0.9
    74  1   0.027899999999999998    2.7899999999999997e-5   0.0 0.0 4   1.0 0.0 15.0    1   1.1 0.9
    75  1   0.038700000000000005    3.8700000000000006e-5   0.0 0.0 5   1.0 0.0 15.0    1   1.1 0.9
    76  1   0.0531  5.31e-5 0.0 0.0 5   1.0 0.0 15.0    1   1.1 0.9
    77  1   0.06570000000000001 6.570000000000001e-5    0.0 0.0 5   1.0 0.0 15.0    1   1.1 0.9
    78  1   0.063   6.3e-5  0.0 0.0 5   1.0 0.0 15.0    1   1.1 0.9
    79  1   0.0675  6.75e-5 0.0 0.0 5   1.0 0.0 15.0    1   1.1 0.9
    80  1   0.045   4.4999999999999996e-5   0.0 0.0 5   1.0 0.0 15.0    1   1.1 0.9
    81  1   0.009   8.999999999999999e-6    0.0 0.0 5   1.0 0.0 15.0    1   1.1 0.9
    82  1   0.0162  1.62e-5 0.0 0.0 5   1.0 0.0 15.0    1   1.1 0.9
    83  1   0.0675  6.75e-5 0.0 0.0 6   1.0 0.0 15.0    1   1.1 0.9
    84  1   0.29610000000000003 0.00029610000000000004  0.0 0.0 6   1.0 0.0 15.0    1   1.1 0.9
    85  1   0.072   7.199999999999999e-5    0.0 0.0 6   1.0 0.0 15.0    1   1.1 0.9
    86  1   0.0765  7.65e-5 0.0 0.0 6   1.0 0.0 15.0    1   1.1 0.9
    87  1   0.09090000000000001 9.090000000000001e-5    0.0 0.0 6   1.0 0.0 15.0    1   1.1 0.9
    88  1   0.072   7.199999999999999e-5    0.0 0.0 6   1.0 0.0 15.0    1   1.1 0.9
    89  1   0.063   6.3e-5  0.0 0.0 7   1.0 0.0 15.0    1   1.1 0.9
    90  1   0.0216  2.16e-5 0.0 0.0 7   1.0 0.0 15.0    1   1.1 0.9
    91  1   0.036899999999999995    3.6899999999999996e-5   0.0 0.0 7   1.0 0.0 15.0    1   1.1 0.9
    92  1   0.0207  2.07e-5 0.0 0.0 7   1.0 0.0 15.0    1   1.1 0.9
    93  1   0.0171  1.7100000000000002e-5   0.0 0.0 7   1.0 0.0 15.0    1   1.1 0.9
    94  1   0.09    8.999999999999999e-5    0.0 0.0 8   1.0 0.0 15.0    1   1.1 0.9
];

%% generator data
%    bus    Pg    Qg    Qmax    Qmin    Vg    mBase    status    Pmax    Pmin    Pc1    Pc2    Qc1min    Qc1max    Qc2min    Qc2max    ramp_agc    ramp_10    ramp_30    ramp_q    apf
